MergeSort results:
arrayLength	time (ns)
1000	3.00500E5
2000	6.09800E5
3000	2.31900E5
4000	3.60400E5
5000	5.41000E5
6000	6.50400E5
7000	5.73400E5
8000	6.23000E5
9000	7.17300E5
10000	8.30300E5
11000	8.74200E5
12000	9.59900E5
13000	1.09890E6
14000	1.18840E6
15000	1.27050E6
16000	1.35380E6
17000	1.50390E6
18000	1.52540E6
19000	1.64550E6
20000	1.80300E6
QuickSort results:
arrayLength	time (ns)
1000	6.74000E4
2000	1.44100E5
3000	2.26200E5
4000	3.08600E5
5000	3.96400E5
6000	4.87500E5
7000	5.89200E5
8000	6.91200E5
9000	7.87500E5
10000	8.72100E5
11000	9.77800E5
12000	1.08960E6
13000	1.18530E6
14000	1.30660E6
15000	1.37850E6
16000	1.49490E6
17000	1.57120E6
18000	1.68880E6
19000	1.79380E6
20000	1.94580E6
HeapSort results:
arrayLength	time (ns)
1000	8.51000E4
2000	1.84700E5
3000	2.91300E5
4000	4.01100E5
5000	5.19400E5
6000	6.44100E5
7000	7.64600E5
8000	8.88900E5
9000	1.08490E6
10000	1.21740E6
11000	1.37620E6
12000	1.44580E6
13000	1.60650E6
14000	1.71530E6
15000	1.87660E6
16000	2.04290E6
17000	2.21210E6
18000	2.31940E6
19000	2.48440E6
20000	2.58850E6
